1.000000000000000048e-04 1.803084361384868384e+00
1.014626745961660768e-04 1.803084361301980243e+00
1.029467433620747492e-04 1.803084361216363174e+00
1.044525192248121209e-04 1.803084361127933910e+00
1.059803196885689369e-04 1.803084361036604744e+00
1.075304669015891232e-04 1.803084360942284414e+00
1.091032877240974387e-04 1.803084360844881662e+00
1.106991137972198079e-04 1.803084360744302117e+00
1.123182816129125999e-04 1.803084360640446082e+00
1.139611325849149593e-04 1.803084360533213415e+00
1.156280131207375404e-04 1.803084360422499977e+00
1.173192746947061561e-04 1.803084360308199185e+00
1.190352739220719159e-04 1.803084360190198687e+00
1.207763726342066506e-04 1.803084360068384795e+00
1.225429379548980833e-04 1.803084359942643156e+00
1.243353423777599268e-04 1.803084359812848980e+00
1.261539638447754189e-04 1.803084359678879922e+00
1.279991858259895028e-04 1.803084359540608750e+00
1.298713974003656705e-04 1.803084359397902015e+00
1.317709933378265652e-04 1.803084359250622937e+00
1.336983741824946607e-04 1.803084359098633849e+00
1.356539463371490893e-04 1.803084358941788645e+00
1.376381221489191931e-04 1.803084358779940333e+00
1.396513199962314661e-04 1.803084358612934590e+00
1.416939643770269658e-04 1.803084358440613100e+00
1.437664859982701977e-04 1.803084358262815545e+00
1.458693218667675548e-04 1.803084358079373617e+00
1.480029153813123589e-04 1.803084357890114564e+00
1.501677164261800053e-04 1.803084357694861417e+00
1.523641814659884423e-04 1.803084357493432099e+00
1.545927736419477048e-04 1.803084357285638095e+00
1.568539628695170122e-04 1.803084357071283783e+00
1.591482259374891919e-04 1.803084356850173542e+00
1.614760466085256839e-04 1.803084356622099094e+00
1.638379157211618860e-04 1.803084356386847498e+00
1.662343312933033319e-04 1.803084356144201816e+00
1.686657986272368777e-04 1.803084355893938673e+00
1.711328304161780964e-04 1.803084355635825364e+00
1.736359468523753413e-04 1.803084355369624303e+00
1.761756757367974769e-04 1.803084355095089686e+00
1.787525525904235457e-04 1.803084354811968826e+00
1.813671207671619095e-04 1.803084354520001487e+00
1.840199315684210371e-04 1.803084354218920771e+00
1.867115443593545443e-04 1.803084353908448012e+00
1.894425266868079972e-04 1.803084353588301880e+00
1.922134543989910882e-04 1.803084353258187500e+00
1.950249117668984131e-04 1.803084352917803335e+00
1.978774916075079330e-04 1.803084352566838966e+00
2.007717954087816247e-04 1.803084352204977980e+00
2.037084334564924146e-04 1.803084351831887533e+00
2.066880249629082160e-04 1.803084351447228340e+00
2.097111981973580873e-04 1.803084351050652900e+00
2.127785906187063415e-04 1.803084350641800837e+00
2.158908490097661583e-04 1.803084350220300669e+00
2.190486296136792883e-04 1.803084349785772478e+00
2.222525982722884936e-04 1.803084349337823467e+00
2.255034305665360914e-04 1.803084348876047738e+00
2.288018119589158407e-04 1.803084348400029402e+00
2.321484379380063350e-04 1.803084347909341689e+00
2.355440141651219494e-04 1.803084347403539844e+00
2.389892566231050343e-04 1.803084346882168898e+00
2.424848917672971097e-04 1.803084346344764333e+00
2.460316566787181468e-04 1.803084345790837650e+00
2.496302992194843477e-04 1.803084345219897244e+00
2.532815781905008515e-04 1.803084344631430636e+00
2.569862634914618399e-04 1.803084344024908248e+00
2.607451362831876411e-04 1.803084343399792511e+00
2.645589891523404094e-04 1.803084342755519431e+00
2.684286262785454884e-04 1.803084342091517911e+00
2.723548636039591119e-04 1.803084341407194202e+00
2.763385290053169780e-04 1.803084340701938793e+00
2.803804624684968160e-04 1.803084339975123074e+00
2.844815162656362008e-04 1.803084339226101118e+00
2.886425551348417197e-04 1.803084338454206570e+00
2.928644564625237511e-04 1.803084337658753533e+00
2.971481104684006573e-04 1.803084336839037016e+00
3.014944203932094714e-04 1.803084335994328491e+00
3.059043026891591281e-04 1.803084335123880777e+00
3.103786872131720988e-04 1.803084334226922936e+00
3.149185174229529767e-04 1.803084333302659159e+00
3.195247505759213607e-04 1.803084332350274765e+00
3.241983579310580448e-04 1.803084331368925985e+00
3.289403249537032193e-04 1.803084330357748399e+00
3.337516515233472322e-04 1.803084329315848722e+00
3.386333521444636219e-04 1.803084328242307244e+00
3.435864561604263265e-04 1.803084327136179610e+00
3.486120079705521584e-04 1.803084325996489934e+00
3.537110672503215652e-04 1.803084324822237461e+00
3.588847091748199577e-04 1.803084323612386131e+00
3.641340246454441670e-04 1.803084322365875014e+00
3.694601205199302477e-04 1.803084321081608987e+00
3.748641198457398666e-04 1.803084319758460508e+00
3.803471620968646946e-04 1.803084318395267838e+00
3.859104034140941187e-04 1.803084316990835489e+00
3.915550168487937641e-04 1.803084315543933780e+00
3.972821926102548893e-04 1.803084314053294390e+00
4.030931383166566693e-04 1.803084312517613474e+00
4.089890792497026225e-04 1.803084310935547441e+00
4.149712586129815427e-04 1.803084309305712063e+00
4.210409377941042746e-04 1.803084307626682925e+00
4.271993966306776428e-04 1.803084305896994755e+00
4.334479336801693654e-04 1.803084304115137870e+00
4.397878664937159942e-04 1.803084302279555073e+00
4.462205318939399643e-04 1.803084300388647421e+00
4.527472862568297980e-04 1.803084298440766009e+00
4.593695057977397367e-04 1.803084296434214640e+00
4.660885868615765064e-04 1.803084294367244711e+00
4.729059462172302466e-04 1.803084292238057440e+00
4.798230213563085302e-04 1.803084290044802085e+00
4.868412707962432948e-04 1.803084287785568618e+00
4.939621743878321080e-04 1.803084285458396829e+00
5.011872336272725275e-04 1.803084283061260784e+00
5.085179719727656164e-04 1.803084280592081923e+00
5.159559351657501923e-04 1.803084278048715960e+00
5.235026915568308063e-04 1.803084275428954664e+00
5.311598324364777282e-04 1.803084272730528737e+00
5.389289723705644256e-04 1.803084269951097163e+00
5.468117495408075877e-04 1.803084267088250092e+00
5.548098260901916613e-04 1.803084264139510173e+00
5.629248884734460931e-04 1.803084261102322561e+00
5.711586478126429341e-04 1.803084257974059579e+00
5.795128402580041437e-04 1.803084254752013615e+00
5.879892273539784418e-04 1.803084251433397345e+00
5.965895964106776974e-04 1.803084248015342839e+00
6.053157608807464710e-04 1.803084244494896016e+00
6.141695607417380033e-04 1.803084240869015531e+00
6.231528628840921676e-04 1.803084237134569001e+00
6.322675615047794635e-04 1.803084233288333449e+00
6.415155785067079780e-04 1.803084229326989529e+00
6.508988639039734380e-04 1.803084225247119976e+00
6.604193962330305243e-04 1.803084221045204716e+00
6.700791829698837842e-04 1.803084216717622645e+00
6.798802609533815189e-04 1.803084212260642749e+00
6.898246968146942845e-04 1.803084207670426764e+00
6.999145874130817662e-04 1.803084202943020298e+00
7.101520602780335683e-04 1.803084198074351274e+00
7.205392740578704398e-04 1.803084193060232598e+00
7.310784189749137052e-04 1.803084187896345503e+00
7.417717172873123472e-04 1.803084182578251538e+00
7.526214237576188144e-04 1.803084177101373253e+00
7.636298261282241416e-04 1.803084171461007079e+00
7.747992456037488792e-04 1.803084165652300008e+00
7.861320373404814430e-04 1.803084159670263809e+00
7.976305909429827175e-04 1.803084153509759702e+00
8.092973309679550283e-04 1.803084147165497253e+00
8.211347174354734994e-04 1.803084140632028598e+00
8.331452463477014405e-04 1.803084133903747333e+00
8.453314502151946077e-04 1.803084126974878520e+00
8.576958985908946257e-04 1.803084119839479582e+00
8.702411986119411346e-04 1.803084112491432078e+00
8.829699955494092365e-04 1.803084104924432163e+00
8.958849733660782799e-04 1.803084097131995245e+00
9.089888552823731415e-04 1.803084089107443111e+00
9.222844043505683221e-04 1.803084080843901704e+00
9.357744240374057769e-04 1.803084072334289800e+00
9.494617588152203707e-04 1.803084063571322115e+00
9.633492947617212790e-04 1.803084054547495318e+00
9.774399601685461025e-04 1.803084045255084478e+00
9.917367261587073900e-04 1.803084035686138176e+00
1.006242607313078807e-03 1.803084025832467407e+00
1.020960662306046604e-03 1.803084015685644248e+00
1.035893994550446092e-03 1.803084005236990750e+00
1.051045752851944431e-03 1.803083994477573171e+00
1.066419132072992390e-03 1.803083983398192203e+00
1.082017373806478831e-03 1.803083971989377865e+00
1.097843767059248406e-03 1.803083960241382400e+00
1.113901648945616902e-03 1.803083948144167836e+00
1.130194405391019528e-03 1.803083935687402217e+00
1.146725471845963041e-03 1.803083922860444721e+00
1.163498334010419589e-03 1.803083909652343220e+00
1.180516528568805639e-03 1.803083896051824508e+00
1.197783643935722026e-03 1.803083882047277875e+00
1.215303321012602177e-03 1.803083867626751324e+00
1.233079253955416147e-03 1.803083852777941587e+00
1.251115190953615026e-03 1.803083837488182350e+00
1.269414935020468345e-03 1.803083821744431159e+00
1.287982344794950853e-03 1.803083805533262085e+00
1.306821335355369670e-03 1.803083788840852630e+00
1.325935879044889487e-03 1.803083771652973732e+00
1.345330006309131870e-03 1.803083753954974666e+00
1.365007806546013683e-03 1.803083735731771498e+00
1.384973428968044743e-03 1.803083716967839978e+00
1.405231083477212180e-03 1.803083697647191785e+00
1.425785041552661211e-03 1.803083677753369640e+00
1.446639637151386553e-03 1.803083657269429319e+00
1.467799267622069137e-03 1.803083636177930993e+00
1.489268394632288842e-03 1.803083614460914141e+00
1.511051545109304284e-03 1.803083592099893107e+00
1.533153312194593084e-03 1.803083569075833115e+00
1.555578356212342344e-03 1.803083545369140284e+00
1.578331405652116590e-03 1.803083520959642749e+00
1.601417258165901145e-03 1.803083495826573124e+00
1.624840781579713067e-03 1.803083469948548734e+00
1.648606914920024234e-03 1.803083443303561184e+00
1.672720669455196943e-03 1.803083415868947936e+00
1.697187129752137161e-03 1.803083387621381872e+00
1.722011454748420198e-03 1.803083358536844649e+00
1.747198878840095469e-03 1.803083328590610934e+00
1.772754712985388044e-03 1.803083297757226422e+00
1.798684345824560441e-03 1.803083266010484076e+00
1.824993244816152391e-03 1.803083233323407697e+00
1.851686957389825361e-03 1.803083199668220171e+00
1.878771112116085079e-03 1.803083165016332146e+00
1.906251419893113851e-03 1.803083129338303170e+00
1.934133675150945773e-03 1.803083092603829485e+00
1.962423757073269992e-03 1.803083054781712713e+00
1.991127630837108767e-03 1.803083015839836101e+00
2.020251348870606700e-03 1.803082975745128103e+00
2.049801052129237525e-03 1.803082934463552167e+00
2.079782971390675000e-03 1.803082891960062772e+00
2.110203428568596575e-03 1.803082848198581001e+00
2.141068838045693049e-03 1.803082803141963897e+00
2.172385708026213381e-03 1.803082756751975380e+00
2.204160641908257598e-03 1.803082708989248717e+00
2.236400339676138712e-03 1.803082659813259436e+00
2.269111599313151061e-03 1.803082609182287799e+00
2.302301318234962774e-03 1.803082557053379942e+00
2.335976494743982352e-03 1.803082503382319457e+00
2.370144229505011160e-03 1.803082448123587200e+00
2.404811727042477192e-03 1.803082391230318882e+00
2.439986297259550199e-03 1.803082332654267761e+00
2.475675356979496408e-03 1.803082272345769344e+00
2.511886431509579437e-03 1.803082210253689865e+00
2.548627156227813162e-03 1.803082146325392099e+00
2.585905278192944697e-03 1.803082080506683393e+00
2.623728657777990581e-03 1.803082012741774820e+00
2.662105270327638426e-03 1.803081942973235430e+00
2.701043207839916478e-03 1.803081871141935411e+00
2.740550680672460687e-03 1.803081797187008561e+00
2.780636019273713226e-03 1.803081721045789010e+00
2.821307675939470957e-03 1.803081642653765693e+00
2.862574226595121247e-03 1.803081561944524625e+00
2.904444372603925528e-03 1.803081478849697383e+00
2.946926942601775599e-03 1.803081393298895607e+00
2.990030894358785673e-03 1.803081305219660146e+00
3.033765316668088786e-03 1.803081214537392674e+00
3.078139431262287302e-03 1.803081121175298618e+00
3.123162594757932214e-03 1.803081025054318332e+00
3.168844300628417647e-03 1.803080926093060476e+00
3.215194181205763280e-03 1.803080824207738075e+00
3.262222009711666752e-03 1.803080719312091462e+00
3.309937702318261048e-03 1.803080611317319892e+00
3.358351320238990145e-03 1.803080500132005159e+00
3.407473071850130718e-03 1.803080385662033880e+00
3.457313314843286044e-03 1.803080267810519555e+00
3.507882558409362514e-03 1.803080146477718637e+00
3.559191465454553550e-03 1.803080021560949930e+00
3.611250854848668725e-03 1.803079892954503993e+00
3.664071703706370600e-03 1.803079760549558763e+00
3.717665149701789799e-03 1.803079624234080303e+00
3.772042493416997554e-03 1.803079483892736423e+00
3.827215200724797591e-03 1.803079339406794768e+00
3.883194905206401992e-03 1.803079190654022224e+00
3.939993410604471571e-03 1.803079037508585447e+00
3.997622693312000847e-03 1.803078879840942284e+00
4.056094904897641733e-03 1.803078717517731189e+00
4.115422374667966447e-03 1.803078550401661539e+00
4.175617612267169647e-03 1.803078378351397726e+00
4.236693310314833434e-03 1.803078201221436805e+00
4.298662347082276951e-03 1.803078018861988152e+00
4.361537789208005771e-03 1.803077831118848673e+00
4.425332894452930696e-03 1.803077637833267577e+00
4.490061114495874639e-03 1.803077438841820923e+00
4.555736097769937445e-03 1.803077233976261073e+00
4.622371692340381324e-03 1.803077023063391238e+00
4.689981948824616283e-03 1.803076805924903825e+00
4.758581123354849347e-03 1.803076582377237225e+00
4.828183680584110550e-03 1.803076352231424817e+00
4.898804296736245477e-03 1.803076115292928217e+00
4.970457862700504090e-03 1.803075871361476734e+00
5.043159487171358993e-03 1.803075620230897735e+00
5.116924499834348515e-03 1.803075361688942335e+00
5.191768454598429464e-03 1.803075095517108206e+00
5.267707132875599357e-03 1.803074821490456836e+00
5.344756546908593919e-03 1.803074539377413688e+00
5.422932943147149888e-03 1.803074248939588564e+00
5.502252805673684896e-03 1.803073949931560671e+00
5.582732859679103050e-03 1.803073642100680107e+00
5.664390074989446126e-03 1.803073325186851372e+00
5.747241669644069517e-03 1.803072998922314873e+00
5.831305113526218976e-03 1.803072663031419332e+00
5.916598132046700306e-03 1.803072317230391075e+00
6.003138709881384455e-03 1.803071961227098674e+00
6.090945094763425792e-03 1.803071594720793813e+00
6.180035801330954238e-03 1.803071217401874815e+00
6.270429615030990653e-03 1.803070828951613525e+00
6.362145596080517884e-03 1.803070429041887079e+00
6.455203083485486389e-03 1.803070017334907682e+00
6.549621699118558446e-03 1.803069593482933053e+00
6.645421351856539878e-03 1.803069157127972666e+00
6.742622241778342337e-03 1.803068707901489098e+00
6.841244864424277615e-03 1.803068245424084282e+00
6.941310015117721326e-03 1.803067769305181312e+00
7.042838793349980378e-03 1.803067279142693602e+00
7.145852607229240261e-03 1.803066774522685822e+00
7.250373177994646860e-03 1.803066255019028619e+00
7.356422544596413586e-03 1.803065720193032462e+00
7.464023068342860202e-03 1.803065169593082162e+00
7.573197437615479706e-03 1.803064602754258061e+00
7.683968672652973474e-03 1.803064019197937240e+00
7.796360130405236531e-03 1.803063418431395615e+00
7.910395509458286942e-03 1.803062799947389383e+00
8.026098855031388313e-03 1.803062163223730030e+00
8.143494564047117426e-03 1.803061507722839574e+00
8.262607390275591296e-03 1.803060832891302034e+00
8.383462449554084442e-03 1.803060138159394254e+00
8.506085225082836085e-03 1.803059422940605616e+00
8.630501572798357848e-03 1.803058686631140883e+00
8.756737726825385149e-03 1.803057928609418381e+00
8.884820305008551272e-03 1.803057148235538421e+00
9.014776314524916914e-03 1.803056344850744841e+00
9.146633157578661424e-03 1.803055517776873673e+00
9.280418637179068536e-03 1.803054666315778487e+00
9.416160963002948026e-03 1.803053789748736646e+00
9.553888757342889754e-03 1.803052887335858223e+00
9.693631061142512356e-03 1.803051958315441849e+00
9.835417340119908744e-03 1.803051001903347883e+00
9.979277490980745582e-03 1.803050017292332718e+00
1.012524184772224146e-02 1.803049003651362892e+00
1.027334118802925196e-02 1.803047960124925186e+00
1.042360673976401239e-02 1.803046885832292556e+00
1.057607018755079599e-02 1.803045779866792930e+00
1.073076367945679545e-02 1.803044641295036277e+00
1.088771983377081511e-02 1.803043469156132561e+00
1.104697174588111647e-02 1.803042262460880396e+00
1.120855299525375277e-02 1.803041020190929711e+00
1.137249765251314298e-02 1.803039741297931098e+00
1.153884028662603700e-02 1.803038424702641862e+00
1.170761597219068147e-02 1.803037069294023409e+00
1.187886029683259646e-02 1.803035673928304439e+00
1.205260936870842549e-02 1.803034237428011943e+00
1.222889982411964546e-02 1.803032758580981332e+00
1.240776883523764078e-02 1.803031236139337468e+00
1.258925411794167490e-02 1.803029668818436626e+00
1.277339393977158614e-02 1.803028055295787579e+00
1.296022712799684354e-02 1.803026394209939154e+00
1.314979307780347884e-02 1.803024684159326485e+00
1.334213176060090184e-02 1.803022923701095515e+00
1.353728373245021745e-02 1.803021111349881522e+00
1.373529014261567691e-02 1.803019245576563678e+00
1.393619274224142113e-02 1.803017324806969857e+00
1.414003389315492652e-02 1.803015347420556580e+00
1.434685657679936333e-02 1.803013311749036562e+00
1.455670440329659074e-02 1.803011216074980272e+00
1.476962162064259995e-02 1.803009058630362427e+00
1.498565312403757691e-02 1.803006837595075185e+00
1.520484446535244269e-02 1.803004551095396701e+00
1.542724186273371732e-02 1.803002197202406620e+00
1.565289221034900716e-02 1.802999773930370475e+00
1.588184308827503971e-02 1.802997279235055927e+00
1.611414277253019750e-02 1.802994711012020579e+00
1.634984024525391530e-02 1.802992067094832063e+00
1.658898520503498258e-02 1.802989345253249942e+00
1.683162807739077907e-02 1.802986543191342106e+00
1.707782002539991184e-02 1.802983658545554091e+00
1.732761296049040167e-02 1.802980688882718896e+00
1.758105955338545856e-02 1.802977631698007510e+00
1.783821324520965673e-02 1.802974484412819933e+00
1.809912825875727160e-02 1.802971244372614024e+00
1.836385960992561323e-02 1.802967908844676170e+00
1.863246311931559748e-02 1.802964475015809809e+00
1.890499542400184141e-02 1.802960939989978417e+00
1.918151398947505817e-02 1.802957300785863026e+00
1.946207712175915261e-02 1.802953554334355557e+00
1.974674397970537301e-02 1.802949697475974888e+00
2.003557458746645786e-02 1.802945726958208761e+00
2.032862984715323729e-02 1.802941639432780851e+00
2.062597155167618379e-02 1.802937431452825923e+00
2.092766239777497234e-02 1.802933099470000577e+00
2.123376599923863101e-02 1.802928639831491431e+00
2.154434690031882191e-02 1.802924048776948451e+00
2.185947058933968012e-02 1.802919322435319716e+00
2.217920351250634789e-02 1.802914456821596900e+00
2.250361308791573242e-02 1.802909447833466183e+00
2.283276771977217970e-02 1.802904291247865221e+00
2.316673681281089872e-02 1.802898982717422216e+00
2.350559078693251550e-02 1.802893517766808174e+00
2.384940109205173006e-02 1.802887891788986119e+00
2.419824022316292844e-02 1.802882100041321545e+00
2.455218173562635081e-02 1.802876137641615362e+00
2.491130026067788633e-02 1.802869999563993186e+00
2.527567152116547491e-02 1.802863680634689825e+00
2.564537234751592190e-02 1.802857175527700084e+00
2.602048069393523774e-02 1.802850478760313235e+00
2.640107565484572927e-02 1.802843584688504253e+00
2.678723748156371792e-02 1.802836487502203822e+00
2.717904759922122951e-02 1.802829181220417354e+00
2.757658862393489591e-02 1.802821659686206335e+00
2.797994438022641944e-02 1.802813916561527119e+00
2.838919991869738937e-02 1.802805945321912962e+00
2.880444153396295032e-02 1.802797739251003284e+00
2.922575678284773659e-02 1.802789291434906627e+00
2.965323450284773621e-02 1.802780594756415500e+00
3.008696483086241436e-02 1.802771641889034049e+00
3.052703922220086422e-02 1.802762425290836967e+00
3.097355046986565233e-02 1.802752937198153660e+00
3.142659272411902488e-02 1.802743169619067665e+00
3.188626151233529132e-02 1.802733114326716457e+00
3.235265375914329888e-02 1.802722762852411620e+00
3.282586780686382738e-02 1.802712106478542076e+00
3.330600343624588733e-02 1.802701136231279699e+00
3.379316188750602218e-02 1.802689842873075765e+00
3.428744588167585011e-02 1.802678216894925800e+00
3.478895964226131482e-02 1.802666248508423497e+00
3.529780891721910618e-02 1.802653927637570153e+00
3.581410100125451829e-02 1.802641243910355406e+00
3.633794475844513011e-02 1.802628186650089059e+00
3.686945064519573517e-02 1.802614744866480656e+00
3.740873073352900258e-02 1.802600907246454831e+00
3.795589873471650472e-02 1.802586662144714857e+00
3.851107002325569045e-02 1.802571997574009988e+00
3.907436166119757776e-02 1.802556901195139449e+00
3.964589242282997444e-02 1.802541360306654239e+00
4.022578281972200021e-02 1.802525361834259598e+00
4.081415512613501689e-02 1.802508892319926836e+00
4.141113340480476884e-02 1.802491937910656761e+00
4.201684353310129738e-02 1.802474484346956674e+00
4.263141322957082063e-02 1.802456516950946996e+00
4.325497208086629547e-02 1.802438020614147707e+00
4.388765156907185189e-02 1.802418979784900399e+00
4.452958509942655380e-02 1.802399378455427970e+00
4.518090802845397408e-02 1.802379200148518823e+00
4.584175769250333626e-02 1.802358427903830052e+00
4.651227343670759351e-02 1.802337044263790711e+00
4.719259664436557117e-02 1.802315031259093425e+00
4.788287076675383502e-02 1.802292370393781873e+00
4.858324135337417637e-02 1.802269042629886631e+00
4.929385608264398588e-02 1.802245028371636248e+00
5.001486479303548366e-02 1.802220307449204029e+00
5.074641951467002976e-02 1.802194859101988955e+00
5.148867450137492585e-02 1.802168661961407237e+00
5.224178626320917507e-02 1.802141694033205788e+00
5.300591359946446590e-02 1.802113932679246355e+00
5.378121763214957496e-02 1.802085354598783162e+00
5.456786183996382295e-02 1.802055935809187881e+00
5.536601209276791752e-02 1.802025651626132152e+00
5.617583668655908025e-02 1.801994476643200782e+00
5.699750637895712596e-02 1.801962384710907639e+00
5.783119442521020975e-02 1.801929348915131346e+00
5.867707661472718050e-02 1.801895341554907271e+00
5.953533130814370189e-02 1.801860334119614881e+00
6.040613947493116836e-02 1.801824297265481434e+00
6.128968473155563951e-02 1.801787200791438615e+00
6.218615338019438388e-02 1.801749013614273309e+00
6.309573444801930275e-02 1.801709703743085367e+00
6.401861972705488735e-02 1.801669238252999072e+00
6.495500381461861983e-02 1.801627583258145204e+00
6.590508415435375467e-02 1.801584703883851279e+00
6.686906107786136366e-02 1.801540564238075959e+00
6.784713784694196281e-02 1.801495127381988137e+00
6.883952069645496441e-02 1.801448355299746451e+00
6.984641887780450309e-02 1.801400208867410146e+00
7.086804470306182213e-02 1.801350647820964657e+00
7.190461358973312955e-02 1.801299630723449230e+00
7.295634410618154209e-02 1.801247114931155302e+00
7.402345801771409439e-02 1.801193056558861860e+00
7.510618033334286181e-02 1.801137410444109799e+00
7.620473935322935599e-02 1.801080130110440436e+00
7.731936671682354545e-02 1.801021167729635275e+00
7.845029745170700730e-02 1.800960474082857976e+00
7.959777002314977201e-02 1.800897998520736731e+00
8.076202638439308745e-02 1.800833688922305331e+00
8.194331202766655387e-02 1.800767491652804697e+00
8.314187603595225851e-02 1.800699351520304026e+00
8.435797113550602688e-02 1.800630136373414958e+00
8.559185374914618505e-02 1.800557953905119746e+00
8.684378405032248949e-02 1.800483654054756855e+00
8.811402601797588274e-02 1.800407174985617198e+00
8.940284749219999660e-02 1.800328453070305645e+00
9.071052023071740633e-02 1.800247422839721834e+00
9.203731996618221001e-02 1.800164016930619670e+00
9.338352646431964665e-02 1.800078166031734872e+00
9.474942358291718603e-02 1.799989798828421028e+00
9.613529933167831720e-02 1.799898841945767547e+00
9.754144593295098475e-02 1.799805219890162178e+00
9.896815988334524417e-02 1.799708854989247486e+00
1.004157420162519604e-01 1.799609667330246188e+00
1.018844975652752477e-01 1.799507574696598722e+00
1.033747362285939719e-01 1.799402492502882422e+00
1.048867722342633202e-01 1.799294333727962325e+00
1.064209244064723558e-01 1.799183008846333198e+00
1.079775162327709370e-01 1.799068425757605949e+00
1.095568759322787800e-01 1.798950489714096435e+00
1.111593365248933069e-01 1.798829103246460503e+00
1.127852359015096839e-01 1.798704166087343737e+00
1.144349168952670526e-01 1.798575575092982159e+00
1.161087273538377734e-01 1.798443224162713960e+00
1.178070202127741023e-01 1.798307004156346034e+00
1.195301535699265921e-01 1.798166802809333387e+00
1.212784907609520818e-01 1.798022504645710340e+00
1.230524004359261625e-01 1.797873990888721352e+00
1.248522566370748876e-01 1.797721139369110377e+00
1.266784388776454606e-01 1.797563824430995494e+00
1.285313322219285570e-01 1.797401916835289715e+00
1.304113273664523898e-01 1.797235283660604033e+00
1.323188207223644774e-01 1.797063788201576306e+00
1.342542144990170605e-01 1.796887289864568693e+00
1.362179167887763442e-01 1.796705644060683227e+00
1.382103416530724438e-01 1.796518702096021602e+00
1.402319092097062680e-01 1.796326311059142533e+00
1.422830457214351862e-01 1.796128313705645851e+00
1.443641836858539917e-01 1.795924548339840277e+00
1.464757619265895372e-01 1.795714848693402699e+00
1.486182256858303019e-01 1.795499043801000560e+00
1.507920267182097096e-01 1.795276957872792067e+00
1.529976233860607937e-01 1.795048410163745833e+00
1.552354807560665517e-01 1.794813214839725779e+00
1.575060706973218372e-01 1.794571180840265789e+00
1.598098719808307699e-01 1.794322111737970626e+00
1.621473703804599265e-01 1.794065805594491136e+00
1.645190587753662392e-01 1.793802054812994706e+00
1.669254372539248910e-01 1.793530645987074790e+00
1.693670132191772149e-01 1.793251359746028450e+00
1.718443014958193626e-01 1.792963970596449519e+00
1.743578244387575804e-01 1.792668246760054984e+00
1.769081120432511589e-01 1.792363950007701323e+00
1.794957020566648187e-01 1.792050835489506833e+00
1.821211400918574252e-01 1.791728651561039332e+00
1.847849797422290719e-01 1.791397139605481081e+00
1.874877826984492901e-01 1.791056033851738505e+00
1.902301188668943932e-01 1.790705061188407665e+00
1.930125664898169890e-01 1.790343940973561754e+00
1.958357122672715056e-01 1.789972384840286868e+00
1.987001514808257874e-01 1.789590096497912119e+00
2.016064881190793578e-01 1.789196771528887675e+00
2.045553350050195174e-01 1.788792097181247875e+00
2.075473139252403676e-01 1.788375752156614373e+00
2.105830557610499087e-01 1.787947406393693761e+00
2.136632006214968238e-01 1.787506720847215069e+00
2.167883979783428450e-01 1.787053347262276937e+00
2.199593068030074872e-01 1.786586927944049608e+00
2.231765957055178440e-01 1.786086786737910659e+00
2.264409430754907582e-01 1.785601347279933915e+00
2.297530372251748443e-01 1.785148173710149111e+00
2.331135765345872524e-01 1.784605468007322004e+00
2.365232695987728173e-01 1.784059989472925878e+00
2.399828353772152367e-01 1.783502791694591361e+00
2.434930033454368314e-01 1.782931353985861334e+00
2.470545136488123683e-01 1.782344471387166340e+00
2.506681172586349704e-01 1.781741345199013171e+00
2.543345761304648400e-01 1.781121330863217223e+00
2.580546633647918253e-01 1.780483848340352893e+00
2.618291633700502441e-01 1.779803850951576782e+00
2.656588720280181892e-01 1.779130092569458199e+00
2.695445968616333454e-01 1.778437137495799680e+00
2.734871572052664512e-01 1.777724455800284709e+00
2.774873843774847137e-01 1.776991503735929845e+00
2.815461218563398704e-01 1.776237723436491889e+00
2.856642254572230866e-01 1.775462542608004624e+00
2.898425635133204947e-01 1.774665374214837499e+00
2.940820170587060689e-01 1.773845616160677485e+00
2.983834800141165755e-01 1.773002650964725424e+00
3.027478593754393543e-01 1.772135845433386203e+00
3.071760754049602249e-01 1.771244550327734535e+00
3.116690618254085443e-01 1.770328100027025675e+00
3.162277660168379412e-01 1.769385812188476237e+00
3.208531492163894105e-01 1.768417120104190943e+00
3.255461867209764049e-01 1.767420445978429289e+00
3.303078680929315003e-01 1.766403522162436790e+00
3.351391973686642656e-01 1.765345451277216871e+00
3.400411932703706341e-01 1.764262754776126485e+00
3.450148894208363570e-01 1.763149992751752659e+00
3.500613345613850513e-01 1.762006185362006594e+00
3.551815927730143652e-01 1.760830465678726364e+00
3.603767437007633356e-01 1.759621971682566066e+00
3.656478827813645638e-01 1.758379828558722657e+00
3.709961214742267255e-01 1.757103143757072994e+00
3.764225874957913276e-01 1.755791005054627707e+00
3.819284250573232731e-01 1.754442479551179046e+00
3.875147951061739815e-01 1.753055936721386932e+00
3.931828755705766287e-01 1.751631760612984090e+00
3.989338616080227440e-01 1.750168267867906469e+00
4.047689658572676263e-01 1.748664437715127917e+00
4.106894186940256430e-01 1.747119226279866488e+00
4.166964684904053140e-01 1.745531566243494481e+00
4.227913818781356969e-01 1.743900366509108624e+00
4.289754440156462456e-01 1.742224511873560866e+00
4.352499588590537649e-01 1.740502862706838627e+00
4.416162494371084768e-01 1.738734351308947046e+00
4.480756581301660324e-01 1.736917601128538546e+00
4.546295469532399269e-01 1.735051487855547858e+00
4.612792978431894952e-01 1.733134771109921202e+00
4.680263129501150976e-01 1.731166184626441895e+00
4.748720149330091789e-01 1.729144435999188323e+00
4.818178472597358097e-01 1.727068206440839582e+00
4.888652745113982734e-01 1.724936150558195047e+00
4.960157826911540391e-01 1.722746896145173512e+00
5.032708795375514521e-01 1.720499043994814237e+00
5.106320948424487582e-01 1.718191167731704994e+00
5.181009807735800221e-01 1.715821813666418061e+00
5.256791122018419360e-01 1.713389500673581978e+00
5.333680870333696866e-01 1.710892720095263497e+00
5.411695265464637750e-01 1.708329760559728294e+00
5.490850757334505561e-01 1.705699403906188349e+00
5.571164036475430015e-01 1.702999888153571062e+00
5.652652037547691855e-01 1.700229594125432397e+00
5.735331942910566472e-01 1.697386875073428225e+00
5.819221186245318034e-01 1.694470056772272359e+00
5.904337456231236736e-01 1.691477437653934990e+00
5.990698700275449706e-01 1.688407288983333254e+00
6.078323128297229427e-01 1.685257855077912259e+00
6.167229216567714500e-01 1.682027353573529727e+00
6.257435711605783268e-01 1.678713975739176689e+00
6.348961634130865228e-01 1.675315886843110613e+00
6.441826283073621706e-01 1.671831226573087026e+00
6.536049239645289610e-01 1.668258109513379051e+00
6.631650371466487615e-01 1.664594625681460771e+00
6.728649836756473990e-01 1.660838841127166843e+00
6.827068088583682082e-01 1.656988798597308410e+00
6.926925879178357226e-01 1.653042518268723393e+00
7.028244264308345368e-01 1.648997998552849786e+00
7.131044607718883821e-01 1.644853216974919263e+00
7.235348585637251251e-01 1.640606131130950107e+00
7.341178191343429305e-01 1.636254679725747785e+00
7.448555739807494191e-01 1.631796783695152353e+00
7.557503872394921718e-01 1.627230347415867806e+00
7.668045561640709495e-01 1.622553260006099674e+00
7.780204116093268896e-01 1.617763396720403257e+00
7.894003185229224728e-01 1.612858620442039870e+00
8.009466764440114073e-01 1.607836783276161974e+00
8.126619200091945716e-01 1.602695728247187201e+00
8.245485194658837003e-01 1.597433291103621089e+00
8.366089811931747278e-01 1.592047302233586370e+00
8.488458482303311570e-01 1.586535588694306220e+00
8.612617008130059038e-01 1.580895976358644317e+00
8.738591569173056461e-01 1.575126675825530231e+00
8.866408728118052585e-01 1.569224739474819108e+00
8.996095436176487770e-01 1.563188397941732255e+00
9.127679038768297115e-01 1.557015496283675526e+00
9.261187281287928119e-01 1.550703890966498744e+00
9.396648314954690884e-01 1.544251452773822919e+00
9.534090702748601043e-01 1.537656069852161300e+00
9.673543425433127618e-01 1.530915650893926783e+00
9.815035887666031522e-01 1.524028128459917752e+00
9.958597924199507068e-01 1.516991462442918603e+00
1.010425980617109643e+00 1.509803643673422568e+00
1.025205224748656940e+00 1.502462697668448310e+00
1.040200641129622072e+00 1.494966688523869269e+00
1.055415391656582713e+00 1.487313722950422523e+00
1.070852684474369321e+00 1.479501954453041002e+00
1.086515774652537347e+00 1.471529587652826043e+00
1.102407964871718216e+00 1.463394882750393533e+00
1.118532606120007156e+00 1.455096160128892535e+00
1.134893098399557765e+00 1.446631805094411583e+00
1.151492891443491429e+00 1.438000272750927344e+00
1.168335485443292354e+00 1.429200093006356198e+00
1.185424431786863853e+00 1.420229875705576683e+00
1.202763333807357782e+00 1.411088315885679512e+00
1.220355847542957006e+00 1.401774199147935995e+00
1.238205682507793837e+00 1.392286407140255200e+00
1.256316602474118804e+00 1.382623923143127875e+00
1.274692426265926049e+00 1.372785837751253402e+00
1.293337028564169433e+00 1.362771354642188237e+00
1.312254340723785440e+00 1.352579796422499259e+00
1.331448351602640301e+00 1.342210610541033411e+00
1.350923108402602768e+00 1.331663375258003601e+00
1.370682717522943461e+00 1.320937805657613096e+00
1.390731345426191812e+00 1.310033759691044297e+00
1.411073219516657984e+00 1.298951247001166598e+00
1.431712629031829609e+00 1.287690420783127232e+00
1.452653925946781222e+00 1.276251611489280791e+00
1.473901525891812447e+00 1.264635307324284863e+00
1.495459909083534766e+00 1.252842171251482117e+00
1.517333621269549626e+00 1.240873045112763418e+00
1.539527274686944613e+00 1.228728955449130300e+00
1.562045549034837055e+00 1.216411129656729040e+00
1.584893192461114042e+00 1.203920961749299412e+00
1.608075022563606904e+00 1.191260074576845795e+00
1.631595927405935065e+00 1.178430289039939627e+00
1.655460866548183807e+00 1.165433637679057277e+00
1.679674872092653093e+00 1.152272369486668335e+00
1.704243049744935679e+00 1.138948954478690156e+00
1.729170579890482840e+00 1.125466088014142274e+00
1.754462718686916833e+00 1.111826694875115651e+00
1.780124799172353445e+00 1.098033933194890954e+00
1.806162232389901590e+00 1.084091198619594465e+00
1.832580508528613095e+00 1.070002130667005558e+00
1.859385198081150437e+00 1.055770637822350810e+00
1.886581953018353852e+00 1.041402383880346116e+00
1.914176507981009134e+00 1.026896455170183797e+00
1.942174681489024390e+00 1.012263248837267149e+00
1.970582377168331956e+00 9.975054422613722771e-01
1.999405584995700869e+00 9.826281876773657054e-01
2.028650382561756782e+00 9.676368408866423687e-01
2.058322936352511512e+00 9.525369957555168687e-01
2.088429503049601621e+00 9.373344870491224778e-01
2.118976430849543569e+00 9.220353890555433862e-01
2.149970160802324060e+00 9.066460127776314604e-01
2.181417228169533207e+00 8.911729022122143462e-01
2.213324263802356917e+00 8.756228298430347445e-01
2.245697995539771785e+00 8.600027913794678902e-01
2.278545249627144997e+00 8.443199997460676398e-01
2.311872952155588301e+00 8.285818783200289417e-01
2.345688130522400439e+00 8.127960534122138370e-01
2.379997914912836965e+00 7.969703459883190622e-01
2.414809539803547178e+00 7.811127626288848491e-01
2.450130345488046313e+00 7.652314857294273409e-01
2.485967779624458363e+00 7.493348629450362619e-01
2.522329398805896794e+00 7.334313958869751460e-01
2.559222870153856633e+00 7.175297280821681944e-01
2.596655972934872381e+00 7.016386322100487405e-01
2.634636600200817469e+00 6.857669966348367563e-01
2.673172760453245811e+00 6.699238112549492641e-01
2.712272579332029476e+00 6.541181526951483916e-01
2.751944301328694831e+00 6.383591688706722334e-01
2.792196291524867036e+00 6.226560629564653615e-01
2.833037037356095578e+00 6.070180767984171277e-01
2.874475150401476498e+00 5.914544738072411434e-01
2.916519368199502971e+00 5.759745213792965002e-01
2.959178556090417356e+00 5.605874728922950467e-01
3.002461709085549213e+00 5.453025493273028212e-01
3.046377953763954594e+00 5.301289205717656383e-01
3.090936550196860644e+00 5.150756864615032571e-01
3.136146893900205956e+00 5.001518576226073876e-01
3.182018517815732306e+00 4.853663361769477991e-01
3.228561094321120262e+00 4.707278963774839120e-01
3.275784437269460447e+00 4.562451652419570736e-01
3.323698504058559600e+00 4.419266032554231560e-01
3.372313397730572593e+00 4.277804852137806479e-01
3.421639369102286388e+00 4.138148812818550626e-01
3.471686818926559503e+00 4.000376383405291891e-01
3.522466300085441038e+00 3.864563616980377647e-01
3.573988519815305853e+00 3.730783972408631688e-01
3.626264341964532623e+00 3.599108140994320415e-01
3.679304789284273181e+00 3.469603879032917559e-01
3.733121045752660017e+00 3.342335846994983206e-01
3.787724458933010130e+00 3.217365456064967266e-01
3.843126542366588350e+00 3.094750722739698090e-01
3.899338978000304490e+00 2.974546132169125778e-01
3.956373618649912771e+00 2.856802510894450031e-01
4.014242490499317917e+00 2.741566909608109670e-01
4.072957795636360068e+00 2.628882496524954648e-01
4.132531914625695357e+00 2.518788461914603927e-01
4.192977409119376553e+00 2.411319934301471568e-01
4.254307024505552981e+00 2.306507908792838901e-01
4.316533692595900362e+00 2.204379187944209006e-01
4.379670534352445799e+00 2.104956335517416677e-01
4.443730862654194702e+00 2.008257643430750028e-01
4.508728185104224906e+00 1.914297112139820845e-01
4.574676206877919427e+00 1.823084444626255629e-01
4.641588833612772191e+00 1.734625054106998521e-01
4.709480174340512804e+00 1.648920085510640898e-01
4.778364544462064600e+00 1.565966450699911583e-01
4.848256468766114047e+00 1.485756877350678240e-01
4.919170684491739109e+00 1.408279971329116920e-01
4.991122144435844454e+00 1.333520292339005209e-01
5.064126020106122006e+00 1.261458442542281733e-01
5.138197704920055564e+00 1.192071167788062436e-01
5.213352817450704890e+00 1.125331471017999990e-01
5.289607204720059741e+00 1.061208737350746723e-01
5.366976945540476329e+00 9.996688702854204800e-02
5.445478353904981361e+00 9.406744384033387252e-02
5.525127982427266993e+00 8.841848318900456805e-02
5.605942625831899839e+00 8.301564281461468187e-02
5.687939324495583371e+00 7.785427657056867567e-02
5.771135368040314795e+00 7.292947256354288810e-02
5.855548298979002197e+00 6.823607195483578913e-02
5.941195916414397260e+00 6.376868833292026473e-02
6.028096279792240608e+00 5.952172756402490661e-02
6.116267712709200666e+00 5.548940802519330973e-02
6.205728806776500406e+00 5.166578112249020638e-02
6.296498425540174360e+00 4.804475199587335960e-02
6.388595708458554512e+00 4.462010031176569941e-02
6.482040074937927443e+00 4.138550104451571565e-02
6.576851228427342377e+00 3.833454514874113511e-02
6.673049160573193639e+00 3.546079278463803997e-02
6.770654155434564281e+00 3.275765985176802564e-02
6.869686793760362065e+00 3.021864229920409595e-02
6.970167957328878394e+00 2.783719620112481627e-02
7.072118833350828915e+00 2.560679204943405382e-02
7.175560918936921162e+00 2.352093284157338871e-02
7.280516025630625165e+00 2.157317145053102778e-02
7.387006284007332724e+00 1.975712720821104149e-02
7.495054148340692279e+00 1.806650163941365267e-02
7.604682401337355735e+00 1.649509329014176712e-02
7.715914158940837986e+00 1.503681160077257814e-02
7.828772875205639359e+00 1.368568978172352880e-02
7.943282347242805130e+00 1.243589665655756536e-02
8.059466720237679738e+00 1.128174744495003337e-02
8.177350492541046734e+00 1.021771346549077940e-02
8.296958520834898820e+00 9.238430745871566499e-03
8.418316025373595579e+00 8.338707535541367219e-03
8.541448595301705637e+00 7.513530723313900130e-03
8.666382194049758070e+00 6.758071169638041505e-03
8.793143164808794765e+00 6.067687970218867480e-03
8.921758236084958327e+00 5.437931674337590990e-03
9.052254527335518830e+00 4.864546487514123663e-03
9.184659554687158334e+00 4.343471494032510871e-03
9.319001236737898708e+00 3.870840940249534873e-03
9.455307900444056557e+00 3.442983624498707675e-03
9.593608287093147169e+00 3.056421443746795089e-03
9.733931558364131931e+00 2.707867150923499045e-03
9.876307302476508454e+00 2.394221284213139764e-03
1.002076554042913692e+01 2.112568915731064326e-03
1.016733673233034807e+01 1.860174777528193768e-03
1.031605178382079657e+01 1.634478880689278421e-03
1.046694205259009181e+01 1.433091113351364155e-03
1.062003935498874085e+01 1.253785528569698960e-03
1.077537597273699177e+01 1.094494274492900958e-03
1.093298465973158784e+01 9.533012290210562826e-04
1.109289864895222699e+01 8.284353995783525892e-04
1.125515165946889162e+01 7.182641466159609420e-04
1.141977790355189626e+01 6.212862870119835977e-04
1.158681209388574906e+01 5.361251307031836624e-04
1.175628945088850230e+01 4.615215007163020813e-04
1.192824571013838941e+01 3.963267833191514724e-04
1.210271712990886783e+01 3.394960513370335860e-04
1.227974049881387231e+01 2.900812998317257212e-04
1.245935314356512791e+01 2.472248293734533682e-04
1.264159293684268803e+01 2.101528081033391716e-04
1.282649830528059809e+01 1.781690397350457874e-04
1.301410823756959800e+01 1.506489654337240928e-04
1.320446229267809990e+01 1.270338891646598982e-04
1.339760060819341803e+01 1.068255179452631029e-04
1.359356390878524223e+01 8.958072439970114623e-05
1.379239351479265885e+01 7.490662041323322947e-05
1.399413135093677418e+01 6.245591365094366296e-05
1.419881995516102613e+01 5.192255461556791028e-05
1.440650248760054097e+01 4.303767344189613560e-05
1.461722273968269370e+01 3.556580313037333165e-05
1.483102514336102828e+01 2.930138370432663593e-05
1.504795478048399104e+01 2.406553983674647606e-05
1.526805739230067438e+01 1.970312283248289444e-05
1.549137938910589796e+01 1.608000646495577328e-05
1.571796786002607327e+01 1.308062504418646791e-05
1.594787058294820881e+01 1.060574122312226930e-05
1.618113603459442018e+01 8.570430417269502848e-06
1.641781340074352258e+01 6.902268301709150452e-06
1.665795258660213207e+01 5.539707641061391847e-06
1.690160422732773426e+01 4.430630682158313530e-06
1.714881969870537404e+01 3.531063475519743355e-06
1.739965112798067892e+01 2.804038769336937943e-06
1.765415140485115941e+01 2.218594517800550046e-06
1.791237419261859642e+01 1.748895543917049672e-06
1.817437393950425673e+01 1.373466475898575856e-06
1.844020589012959732e+01 1.074524717261154473e-06
1.870992609716522281e+01 8.374028966827959497e-07
1.898359143314992892e+01 6.500509586433169790e-07
1.926125960248255353e+01 5.026087856363753886e-07
1.954298915358964450e+01 3.870409747027792556e-07
1.982883949127071332e+01 2.968261142371479208e-07
2.011887088922405908e+01 2.266936121853683698e-07
2.041314450275617176e+01 1.724018062221383032e-07
2.071172238167667956e+01 1.305517341654682878e-07
2.101466748338188850e+01 9.843155409188475868e-08
2.132204368613006551e+01 7.388717504491969708e-08
2.163391580251054691e+01 5.521518876946044784e-08
2.195034959310980582e+01 4.107467951497059691e-08
2.227141178037784641e+01 3.041493251870756110e-08
2.259717006269699624e+01 2.241646297692391650e-08
2.292769312865648601e+01 1.644314745433116591e-08
2.326305067153623796e+01 1.200356059992215408e-08
2.360331340400206557e+01 8.719903949884687368e-09
2.394855307301584446e+01 6.303163002200266620e-09
2.429884247496417160e+01 4.533346315661417018e-09
2.465425547100791448e+01 3.243848880164974241e-09
2.501486700265620655e+01 2.309144201170631219e-09
2.538075310756876490e+01 1.635148167469088714e-09
2.575199093558883234e+01 1.151715458950419751e-09
2.612865876501065543e+01 8.068284957668338685e-10
2.651083601908536380e+01 5.621220652350090589e-10
2.689860328276774482e+01 3.894559400044748668e-10
2.729204231970831174e+01 2.683049811350514455e-10
2.769123608949355386e+01 1.837831687994887810e-10
2.809626876513891958e+01 1.251562948450807529e-10
2.850722575083718269e+01 8.472907296466757698e-11
2.892419369996636291e+01 5.701738524358627593e-11
2.934726053336161300e+01 3.813633607160416752e-11
2.977651545785379739e+01 2.535062349399107536e-11
3.021204898507926018e+01 1.674622616627612719e-11
3.065395295056523750e+01 1.099218252314606970e-11
3.110232053309388789e+01 7.168842568454618614e-12
3.155724627434956631e+01 4.644844279029919205e-12
3.201882609885401365e+01 2.989568770609866786e-12
3.248715733419258100e+01 1.911256053806589272e-12
3.296233873153628480e+01 1.213554209287607763e-12
3.344447048646464538e+01 7.652192511840629179e-13
3.393365426009246022e+01 4.791315572410956485e-13
3.442999320050562773e+01 2.978660350199282524e-13
3.493359196451110193e+01 1.838395703236023214e-13
3.544455673970435328e+01 1.126322165460164249e-13
3.596299526685965020e+01 6.849281786609431114e-14
3.648901686264837707e+01 4.133697263890928263e-14
3.702273244268913288e+01 2.475684512642214823e-14
3.756425454493484750e+01 1.471180621961610658e-14
3.811369735340272769e+01 8.673634273616919079e-15
3.867117672225061398e+01 5.072829391149986585e-15
3.923681020020542576e+01 2.942810776833481606e-15
3.981071705534969141e+01 1.693111248561841278e-15
4.039301830026980866e+01 9.659777345068857931e-16
4.098383671757261482e+01 5.464542665772285319e-16
4.158329688577469341e+01 3.064724575121615033e-16
4.219152520557119601e+01 1.703825270723382228e-16
4.280864992648814393e+01 9.388557760772339708e-17
4.343480117392450524e+01 5.126917940868474789e-17
4.407011097659070487e+01 2.774214995827269083e-17
4.471471329434753983e+01 1.487277124749025955e-17
4.536874404645241299e+01 7.898645744663463159e-18
4.603234114021943668e+01 4.154917314388059479e-18
4.670564450009798207e+01 2.164513645437596492e-18
4.738879609717650965e+01 1.116566920481959501e-18
4.808193997911880757e+01 5.702602044466136314e-19
4.878522230053724940e+01 2.883113438931679391e-19
4.949879135381031148e+01 1.442734118807323773e-19
5.022279760035169005e+01 7.144657098132296587e-20
5.095739370233599885e+01 3.500907586501244932e-20
5.170273455488835168e+01 1.697136435233274991e-20
5.245897731874583059e+01 8.138070023871651653e-21
5.322628145339570693e+01 3.859449348187821568e-21
5.400480875069833075e+01 1.809915160097999864e-21
5.479472336900281704e+01 8.391675908117044194e-22
5.559619186776075139e+01 3.846134098935353390e-22
5.640938324264618586e+01 1.742255885435692139e-22
5.723446896119028082e+01 7.798960990381395341e-23
5.807162299893623469e+01 3.449238683530085208e-23
5.892102187612294983e+01 1.506935716693614492e-23
5.978284469490640163e+01 6.502395539778663825e-24
6.065727317712428146e+01 2.770640950852303877e-24
6.154449170261307955e+01 1.165561536433355908e-24
6.244468734808668131e+01 4.840129421096692123e-25
6.335804992658241019e+01 1.983641008933846980e-25
6.428477202748482000e+01 8.021763254358307690e-26
6.522504905713405776e+01 3.200312303421976232e-26
6.617907928002955487e+01 1.259344351536190290e-26
6.714706386063522814e+01 4.886960768174031559e-27
6.812920690579608163e+01 1.869763792168134527e-27
6.912571550777651908e+01 7.051771046926437651e-28
7.013679978792687564e+01 2.621090025316342300e-28
7.116267294098867069e+01 9.599427329475137960e-29
7.220355128004919720e+01 3.463334100592907787e-29
7.325965428215229736e+01 1.230647797150763252e-29
7.433120463457636617e+01 4.305927862014280755e-30
7.541842828179045455e+01 1.483184382667287284e-30
7.652155447309603176e+01 5.028279009259658518e-31
7.764081581096530726e+01 1.677406696560489196e-31
7.877644830008831889e+01 5.504902503017117111e-32
7.992869139713569382e+01 1.776843264079786849e-32
8.109778806124950279e+01 5.639379128797393191e-33
8.228398480527393133e+01 1.759499145686377769e-33
8.348753174773391095e+01 5.395277449132355606e-34
8.470868266557401682e+01 1.625530753297673140e-34
8.594769504767022283e+01 4.810845855394860848e-35
8.720483014912288411e+01 1.398231391370199631e-35
8.848035304634379372e+01 3.989815933939012247e-36
8.977453269295062910e+01 1.117444716701827962e-36
9.108764197647732885e+01 3.071001765448706929e-37
9.241995777591388617e+01 8.279319565941544360e-38
9.377176102008949954e+01 2.189010042060275225e-38
9.514333674690801956e+01 5.674342868164373733e-39
9.653497416344968940e+01 1.441691972996976378e-39
9.794696670695385876e+01 3.589145044922917798e-40
9.937961210669162426e+01 8.752695793624219810e-41
1.008332124467446960e+02 2.090228369551054552e-41
1.023080742297013046e+02 4.886676430063236537e-42
1.038045084412857761e+02 1.118063031163569079e-42
1.053228306159316361e+02 2.502734573274139500e-43
1.068633609033138043e+02 5.479236385244447084e-44
1.084264241358557399e+02 1.172845820190022172e-44
1.100123498972222933e+02 2.453772507342273292e-45
1.116214725918141966e+02 5.015969655141068175e-46
1.132541315152810313e+02 1.001510164506028581e-46
1.149106709260636876e+02 1.952477994901425649e-47
1.165914401179831117e+02 3.715314159005289612e-48
1.182967934938929204e+02 6.898101963840954875e-49
1.200270906404072662e+02 1.249200535350721261e-49
1.217826964037216158e+02 2.205691289175470383e-50
1.235639809665447899e+02 3.795827959794128522e-51
1.253713199261540581e+02 6.364355044678365456e-52
1.272050943735918906e+02 1.039256716003196075e-52
1.290656909740233687e+02 1.652128776823791376e-53
1.309535020482667562e+02 2.555919468549218489e-54
1.328689256555164491e+02 3.846447036950010690e-55
1.348123656772783647e+02 5.628675949923474103e-56
1.367842319025305642e+02 8.005872102058006199e-57
1.387849401141296539e+02 1.106334283333822678e-57
1.408149121764831762e+02 1.484759744184791555e-58
1.428745761245023402e+02 1.934337172578005442e-59
1.449643662538552462e+02 2.445263821481278545e-60
1.470847232125433948e+02 2.998095274868362690e-61
1.492360940938143017e+02 3.563666986703451381e-62
1.514189325304351996e+02 4.104721985013642061e-63
1.536336987903435727e+02 4.579366712046208599e-64
1.558808598737001034e+02 4.946059181992808257e-65
1.581608896113581011e+02 5.169393671711958508e-66
1.604742687647735693e+02 5.225616207975442121e-67
1.628214851273790202e+02 5.106709545050166171e-68
1.652030336274376907e+02 4.822093070567826548e-69
1.676194164324017777e+02 4.397468128274478415e-70
1.700711430548001601e+02 3.870982432732107267e-71
1.725587304596721765e+02 3.287506035047303603e-72
1.750827031735723267e+02 2.692222580004953808e-73
1.776435933951728714e+02 2.124825484650318930e-74
1.802419411074808124e+02 1.615358591356976126e-75
1.828782941916963694e+02 1.182251966524686506e-76
1.855532085427400091e+02 8.325400389361415581e-78
1.882672481864659346e+02 5.637794366528949313e-79
1.910209853985901134e+02 3.669220432510242980e-80
1.938150008253612100e+02 2.293753060429255218e-81
1.966498836059930397e+02 1.376486425546969564e-82
1.995262314968878741e+02 7.924830919431922836e-84
